0.06823280616719933
0.06823280616719933
0.06548622413594933
0.08294227882344933
0.06249550147969933
0.04778602882344933
0.06823280616719933
0.11809852882344933
0.14751747413594934
0.09154823585469933
0.12108925147969933
0.11486366554219933
0.06548622413594933
0.14428261085469934
0.06548622413594933
0.08867958351094933
0.08593300147969933
0.08593300147969933
0.06548622413594933
0.11486366554219933
0.09154823585469933
0.06823280616719933
0.08867958351094933
0.06548622413594933
0.04778602882344933
0.11199501319844933
0.09154823585469933
0.06548622413594933
0.14702919288594934
0.19988563819844934
0.27343300147969934
0.08867958351094933
0.16173866554219934
0.08593300147969933
0.09716347022969933
0.04778602882344933
0.06823280616719933
0.07397011085469933
0.04778602882344933
0.11773231788594933
0.17895057960469934
0.08294227882344933
0.09716347022969933
0.06823280616719933
0.07110145851094933
0.04778602882344933
0.08867958351094933
0.06249550147969933
0.09514931007344933
0.06823280616719933
0.10912636085469933
0.04503944679219933
0.08593300147969933
0.08593300147969933
0.08593300147969933
0.06823280616719933
0.08867958351094933
0.07397011085469933
0.04503944679219933
0.06823280616719933
0.04778602882344933
0.07110145851094933
0.07397011085469933
0.07110145851094933
0.06823280616719933
0.04503944679219933
0.04778602882344933
0.10064247413594933
0.06548622413594933
0.09154823585469933
0.08019569679219933
0.12682655616719934
0.06823280616719933
0.07720497413594933
0.08867958351094933
0.07110145851094933
0.04217079444844933
0.11809852882344933
0.22930458351094934
0.06548622413594933
0.06823280616719933
0.07110145851094933
0.06249550147969933
0.15575722022969934
0.10912636085469933
0.06823280616719933
0.06823280616719933
0.06548622413594933
0.06823280616719933
0.09154823585469933
0.06249550147969933
0.04778602882344933
0.08867958351094933
0.07397011085469933
0.16772011085469934
0.11486366554219933
0.09154823585469933
0.13256386085469934
0.06823280616719933
0.06548622413594933
0.06823280616719933
0.06249550147969933
0.04778602882344933
0.06823280616719933
0.08593300147969933
0.05065468116719933
0.11486366554219933
0.08867958351094933
0.06823280616719933
0.04778602882344933
0.07397011085469933
0.11486366554219933
0.08019569679219933
0.07680824562032433
0.04503944679219933
0.02459266944844933
0.09154823585469933
0.02172401710469933
0.06548622413594933
0.04778602882344933
0.11486366554219933
0.08867958351094933
0.06823280616719933
0.08019569679219933
0.06823280616719933
0.04778602882344933
0.06823280616719933
0.04778602882344933
0.09716347022969933
0.06249550147969933
0.14153602882344934
0.11486366554219933
0.06548622413594933
0.07110145851094933
0.06249550147969933
0.04503944679219933
0.06548622413594933
0.05700233741719933
0.06548622413594933
0.04503944679219933
0.04778602882344933
0.04217079444844933
0.09441688819844933
0.07397011085469933
0.11809852882344933
0.06823280616719933
0.04503944679219933
0.07397011085469933
0.11486366554219933
0.06823280616719933
0.06823280616719933
0.08019569679219933
0.13878944679219934
0.11486366554219933
0.04778602882344933
0.09441688819844933
0.07397011085469933
0.08867958351094933
0.08019569679219933
0.07397011085469933
0.19164589210469934
0.11199501319844933
0.09441688819844933
0.07397011085469933
0.13256386085469934
0.07397011085469933
0.06823280616719933
0.13006141944844934
0.09789589210469933
0.09154823585469933
0.04503944679219933
0.08867958351094933
0.07110145851094933
0.06548622413594933
0.15001991554219934
0.09441688819844933
0.08867958351094933
0.14702919288594934
0.09154823585469933
0.12682655616719934
0.10912636085469933
0.07110145851094933
0.13817909522969934
0.08867958351094933
0.06823280616719933
0.12957313819844934
0.15575722022969934
0.18792274757344934
0.06823280616719933
0.08019569679219933
0.08867958351094933
0.09441688819844933
0.04778602882344933
0.06249550147969933
0.08867958351094933
0.12682655616719934
0.04503944679219933
0.07110145851094933
0.21508339210469934
0.06823280616719933
0.09154823585469933
0.11199501319844933
0.07397011085469933
0.09441688819844933
0.08867958351094933
0.12108925147969933
0.07397011085469933
0.08867958351094933
0.06823280616719933
0.06249550147969933
0.07110145851094933
0.04503944679219933
0.07110145851094933
0.08593300147969933
0.06823280616719933
0.04503944679219933
0.15001991554219934
0.14153602882344934
0.11486366554219933
0.07110145851094933
0.09441688819844933
0.09154823585469933
0.08593300147969933
0.09441688819844933
0.06823280616719933
0.15349891944844934
0.09514931007344933
0.08593300147969933
0.04503944679219933
0.05401161476094933
0.07110145851094933
0.12731483741719934
0.10912636085469933
0.09716347022969933
0.04778602882344933
0.13878944679219934
0.09154823585469933
0.06548622413594933
0.04778602882344933
0.06823280616719933
0.05065468116719933
0.04778602882344933
0.02459266944844933
0.09154823585469933
0.07397011085469933
0.06548622413594933
0.11486366554219933
0.11486366554219933
0.13531044288594934
0.06548622413594933
0.06249550147969933
0.06548622413594933
0.04778602882344933
0.06548622413594933
0.06823280616719933
0.06548622413594933
0.07397011085469933
0.06548622413594933
0.08867958351094933
0.08867958351094933
0.10912636085469933
0.04778602882344933
0.04778602882344933
0.10637977882344933
0.04778602882344933
0.07397011085469933
0.11199501319844933
0.10003212257344933
0.11486366554219933
0.07110145851094933
0.07110145851094933
0.07397011085469933
0.02172401710469933
0.06548622413594933
0.07110145851094933
0.06823280616719933
0.11486366554219933
0.07110145851094933
0.15349891944844934
0.06548622413594933
0.11809852882344933
0.08867958351094933
0.08593300147969933
0.13256386085469934
0.08294227882344933
0.06249550147969933
0.11486366554219933
0.02459266944844933
0.16173866554219934
0.08593300147969933
0.06548622413594933
0.06823280616719933
0.06548622413594933
0.06823280616719933
0.11486366554219933
0.11486366554219933
0.08593300147969933
0.08867958351094933
0.09716347022969933
0.13555458351094934
0.08294227882344933
0.10912636085469933
0.05974891944844933
0.09716347022969933
0.06823280616719933
0.06823280616719933
0.07110145851094933
0.07110145851094933
0.06823280616719933
0.04778602882344933
0.06823280616719933
0.02459266944844933
0.07110145851094933
0.10912636085469933
0.07397011085469933
0.06823280616719933
0.12407997413594933
0.05065468116719933
0.07397011085469933
0.13256386085469934
0.10912636085469933
0.09441688819844933
0.09716347022969933
0.08867958351094933
0.07110145851094933
0.07110145851094933
0.07397011085469933
0.10912636085469933
0.11486366554219933
0.09716347022969933
0.08867958351094933
0.06823280616719933
0.11199501319844933
0.08867958351094933
0.12957313819844934
0.07110145851094933
0.17693641944844934
0.08593300147969933
0.08294227882344933
0.11535194679219933
0.07110145851094933
0.06548622413594933
0.19988563819844934
0.16497352882344934
0.10912636085469933
0.07397011085469933
0.06249550147969933
0.04217079444844933
0.09441688819844933
0.08294227882344933
0.09154823585469933
0.10338905616719933
0.04503944679219933
0.09441688819844933
0.06823280616719933
0.07110145851094933
0.10338905616719933
0.04503944679219933
0.10064247413594933
0.08294227882344933
0.07110145851094933
0.06548622413594933
0.08294227882344933
0.10338905616719933
0.14153602882344934
0.06823280616719933
0.07397011085469933
0.09716347022969933
0.09789589210469933
0.04778602882344933
0.08294227882344933
0.06823280616719933
0.06548622413594933
0.07110145851094933
0.08294227882344933
0.07110145851094933
0.09716347022969933
0.10637977882344933
0.10912636085469933
0.11199501319844933
0.07397011085469933
0.08593300147969933
0.18517616554219934
0.11199501319844933
0.11199501319844933
0.06548622413594933
0.04503944679219933
0.06249550147969933
0.12108925147969933
0.12957313819844934
0.04503944679219933
0.10912636085469933
0.08294227882344933
0.04503944679219933
0.07171181007344933
0.06249550147969933
0.08593300147969933
0.07397011085469933
0.06548622413594933
0.08294227882344933
0.14104774757344934
0.06548622413594933
0.04778602882344933
0.09154823585469933
0.06548622413594933
0.06896522804219933
0.06548622413594933
0.09716347022969933
0.03356483741719933
0.08294227882344933
0.04778602882344933
0.02172401710469933
0.12682655616719934
0.06548622413594933
0.09716347022969933
0.06548622413594933
0.07110145851094933
0.09154823585469933
0.06548622413594933
0.09716347022969933
0.09441688819844933
0.07110145851094933
0.07110145851094933
0.06823280616719933
0.06823280616719933
0.15001991554219934
0.11773231788594933
0.05974891944844933
0.07397011085469933
0.10985878272969933
0.05065468116719933
0.07110145851094933
0.04778602882344933
0.06548622413594933
0.09716347022969933
0.06249550147969933
0.06823280616719933
0.07397011085469933
0.06548622413594933
0.06823280616719933
0.09154823585469933
0.10985878272969933
0.11486366554219933
0.06548622413594933
0.04503944679219933
0.09441688819844933
0.09716347022969933
0.20635536476094934
0.09514931007344933
0.06823280616719933
0.06249550147969933
0.06548622413594933
0.05065468116719933
0.09716347022969933
0.15349891944844934
0.10637977882344933
0.08867958351094933
0.07171181007344933
0.06548622413594933
0.06249550147969933
0.04503944679219933
0.14428261085469934
0.06823280616719933
0.11199501319844933
0.10637977882344933
0.04778602882344933
0.07110145851094933
0.09154823585469933
0.04778602882344933
0.10912636085469933
0.04503944679219933
0.04778602882344933
0.23528602882344934
0.16497352882344934
0.06823280616719933
0.07397011085469933
0.09441688819844933
0.09441688819844933
0.08593300147969933
0.07110145851094933
0.12108925147969933
0.13878944679219934
0.06249550147969933
0.09716347022969933
0.06548622413594933
0.11199501319844933
0.06249550147969933
0.05065468116719933
0.10912636085469933
0.11486366554219933
0.09441688819844933
0.06823280616719933
0.07397011085469933
0.13531044288594934
0.14428261085469934
0.04503944679219933
0.08867958351094933
0.13256386085469934
0.11486366554219933
0.09154823585469933
0.09441688819844933
0.08867958351094933
0.14153602882344934
0.17370155616719934
0.06823280616719933
0.06249550147969933
0.08867958351094933
0.06823280616719933
0.11486366554219933
0.11486366554219933
0.09441688819844933
0.06548622413594933
0.09441688819844933
0.08867958351094933
0.06548622413594933
0.06823280616719933
0.09154823585469933
0.04503944679219933
0.08294227882344933
0.13280800147969934
0.08593300147969933
0.08019569679219933
0.04217079444844933
0.07110145851094933
0.11535194679219933
0.08593300147969933
0.07110145851094933
0.04778602882344933
0.09441688819844933
0.07110145851094933
0.10912636085469933
0.10064247413594933
0.09154823585469933
0.04778602882344933
0.11486366554219933
0.08867958351094933
0.06548622413594933
0.08867958351094933
0.09154823585469933
0.12957313819844934
0.04778602882344933
0.13878944679219934
0.04503944679219933
0.02740028663594933
0.08294227882344933
0.08867958351094933
0.04778602882344933
0.10064247413594933
0.06548622413594933
0.06823280616719933
0.09154823585469933
0.07110145851094933
0.07110145851094933
0.08593300147969933
0.06823280616719933
0.09441688819844933
0.11199501319844933
0.08019569679219933
0.06823280616719933
0.04778602882344933
0.05401161476094933
0.08294227882344933
0.10637977882344933
0.04217079444844933
0.08593300147969933
0.07110145851094933
0.09441688819844933
0.13280800147969934
0.06249550147969933
0.12108925147969933
0.06249550147969933
0.09441688819844933
0.12108925147969933
0.09441688819844933
0.06823280616719933
0.07110145851094933
0.06548622413594933
0.06823280616719933
0.06823280616719933
0.06548622413594933
0.06823280616719933
0.04778602882344933
0.11199501319844933
0.08593300147969933
0.07110145851094933
0.05065468116719933
0.07110145851094933
0.06823280616719933
0.08019569679219933
0.06823280616719933
0.05065468116719933
0.06548622413594933
0.08019569679219933
0.05065468116719933
0.05065468116719933
0.13817909522969934
0.06823280616719933
0.11199501319844933
0.11486366554219933
0.14153602882344934
0.04217079444844933
0.09154823585469933
0.06823280616719933
0.06823280616719933
0.09441688819844933
0.09154823585469933
0.07397011085469933
0.08294227882344933
0.09441688819844933
0.08019569679219933
0.06249550147969933
0.04778602882344933
0.08294227882344933
0.13256386085469934
0.06548622413594933
0.24676063819844934
0.11773231788594933
0.15001991554219934
0.07110145851094933
0.06823280616719933
0.08019569679219933
0.05065468116719933
0.09154823585469933
0.07397011085469933
0.09154823585469933
0.09154823585469933
0.11486366554219933
0.06548622413594933
0.04778602882344933
0.06823280616719933
0.06548622413594933
0.06548622413594933
0.04778602882344933
0.06823280616719933
0.10637977882344933
0.11486366554219933
0.13817909522969934
0.07110145851094933
0.04217079444844933
0.09154823585469933
0.06249550147969933
0.07110145851094933
0.04778602882344933
0.06548622413594933
0.06823280616719933
0.25548866554219934
0.11773231788594933
0.15850380226094934
0.06823280616719933
0.08867958351094933
0.10637977882344933
0.04778602882344933
0.06823280616719933
0.07110145851094933
0.06823280616719933
0.13531044288594934
0.06548622413594933
0.08593300147969933
0.07397011085469933
0.06249550147969933
0.04778602882344933
0.13280800147969934
0.08593300147969933
0.08294227882344933
0.06823280616719933
0.04778602882344933
0.06249550147969933
0.06823280616719933
0.12108925147969933
0.06823280616719933
0.10912636085469933
0.04778602882344933
0.06823280616719933
0.04503944679219933
0.08867958351094933
0.08867958351094933
0.12407997413594933
0.05700233741719933
0.07110145851094933
0.06249550147969933
0.10113075538594933
0.04778602882344933
0.04503944679219933
0.04778602882344933
0.06548622413594933
0.05065468116719933
0.07397011085469933
0.04503944679219933
0.13531044288594934
0.07397011085469933
0.19091347022969934
0.09154823585469933
0.04503944679219933
0.05065468116719933
0.07110145851094933
0.07110145851094933
0.09154823585469933
0.09154823585469933
0.11199501319844933
0.09441688819844933
0.08867958351094933
0.07110145851094933
0.12682655616719934
0.07110145851094933
0.09154823585469933
0.06823280616719933
0.09441688819844933
0.06548622413594933
0.07110145851094933
0.07680824562032433
0.24450233741719934
0.08294227882344933
0.08867958351094933
0.10637977882344933
0.09441688819844933
0.09154823585469933
0.07397011085469933
0.06548622413594933
0.09154823585469933
0.08294227882344933
0.07397011085469933
0.08867958351094933
0.12682655616719934
0.07397011085469933
0.09441688819844933
0.06823280616719933
0.11809852882344933
0.06823280616719933
0.08867958351094933
0.06823280616719933
0.08593300147969933
0.14428261085469934
0.09154823585469933
0.07397011085469933
0.06823280616719933
0.09441688819844933
0.11486366554219933
0.06548622413594933
0.07397011085469933
0.08867958351094933
0.07110145851094933
0.07110145851094933
0.07397011085469933
0.14153602882344934
0.10912636085469933
0.06548622413594933
0.11199501319844933
0.06823280616719933
0.06548622413594933
0.01885536476094933
0.08867958351094933
0.09716347022969933
0.09191444679219933
0.06249550147969933
0.07445839210469933
0.04778602882344933
0.08593300147969933
0.08867958351094933
0.06823280616719933
0.05974891944844933
0.04503944679219933
0.08867958351094933
0.06548622413594933
0.08593300147969933
0.19713905616719934
0.11486366554219933
0.07110145851094933
0.11199501319844933
0.17968300147969934
0.08593300147969933
0.15001991554219934
0.13531044288594934
0.04503944679219933
0.07110145851094933
0.12108925147969933
0.06548622413594933
0.09154823585469933
0.08867958351094933
0.09716347022969933
0.06823280616719933
0.06249550147969933
0.08593300147969933
0.08294227882344933
0.10064247413594933
0.06548622413594933
0.08294227882344933
0.07110145851094933
0.06548622413594933
0.10912636085469933
0.09154823585469933
0.09154823585469933
0.09154823585469933
0.08593300147969933
0.11199501319844933
0.08294227882344933
0.05065468116719933
0.04778602882344933
0.08593300147969933
0.07397011085469933
0.07397011085469933
0.08867958351094933
0.09154823585469933
0.16173866554219934
0.06548622413594933
0.13256386085469934
0.18517616554219934
0.08867958351094933
0.14702919288594934
0.14428261085469934
0.11773231788594933
0.06548622413594933
0.08867958351094933
0.10064247413594933
0.08867958351094933
0.09154823585469933
0.08294227882344933
0.07110145851094933
0.08593300147969933
0.07110145851094933
0.08593300147969933
0.06823280616719933
0.07110145851094933
0.06823280616719933
0.04778602882344933
0.08867958351094933
0.10912636085469933
0.04503944679219933
0.07110145851094933
0.04778602882344933
0.09154823585469933
0.27068641944844934
0.11199501319844933
0.15899208351094934
0.08294227882344933
0.12407997413594933
0.09154823585469933
0.09154823585469933
0.08294227882344933
0.06823280616719933
0.08867958351094933
0.05065468116719933
0.04778602882344933
0.15899208351094934
0.11199501319844933
0.14153602882344934
0.07110145851094933
0.08593300147969933
0.09154823585469933
0.06823280616719933
0.09154823585469933
0.06548622413594933
0.09441688819844933
0.05700233741719933
0.07110145851094933
0.08867958351094933
0.08593300147969933
0.09154823585469933
0.08867958351094933
0.07110145851094933
0.07110145851094933
0.13006141944844934
0.16820839210469934
0.04778602882344933
0.08019569679219933
0.07397011085469933
0.06823280616719933
0.04217079444844933
0.08593300147969933
0.07110145851094933
0.09441688819844933
0.08867958351094933
0.06823280616719933
0.04778602882344933
0.05974891944844933
0.07397011085469933
0.09154823585469933
0.10064247413594933
0.06823280616719933
0.09716347022969933
0.05065468116719933
0.08593300147969933
0.03930214210469933
0.06548622413594933
0.06249550147969933
0.11199501319844933
0.07397011085469933
0.04778602882344933
0.02740028663594933
0.11486366554219933
0.06823280616719933
0.06823280616719933
0.06249550147969933
0.04778602882344933
0.09716347022969933
0.09441688819844933
0.08593300147969933
0.07397011085469933
0.02740028663594933
0.11486366554219933
0.11199501319844933
0.07110145851094933
0.06249550147969933
0.06823280616719933
0.09154823585469933
0.09441688819844933
0.10338905616719933
0.06548622413594933
0.07110145851094933
0.07110145851094933
0.08593300147969933
0.06548622413594933
0.06548622413594933
0.09789589210469933
0.06823280616719933
0.07110145851094933
0.04503944679219933
0.09716347022969933
0.07397011085469933
0.11199501319844933
0.22332313819844934
0.11199501319844933
0.09441688819844933
0.05065468116719933
0.07397011085469933
0.09154823585469933
0.08867958351094933
0.09154823585469933
0.06823280616719933
0.20312050147969934
0.05065468116719933
0.10637977882344933
0.09441688819844933
0.07397011085469933
0.04778602882344933
0.09441688819844933
0.06548622413594933
0.07110145851094933
0.07110145851094933
0.02740028663594933
0.11486366554219933
0.09514931007344933
0.06823280616719933
0.06249550147969933
0.09154823585469933
0.09154823585469933
0.06823280616719933
0.09154823585469933
0.06823280616719933
0.07397011085469933
0.08867958351094933
0.11486366554219933
0.04778602882344933
0.02459266944844933
0.06823280616719933
0.15276649757344934
0.07397011085469933
0.10338905616719933
0.11199501319844933
0.07110145851094933
0.06823280616719933
0.10338905616719933
0.06548622413594933
0.04503944679219933
0.04778602882344933
0.09154823585469933
0.08867958351094933
0.17370155616719934
0.09441688819844933
0.04503944679219933
0.06548622413594933
0.09154823585469933
0.15276649757344934
0.08867958351094933
0.08593300147969933
0.07110145851094933
0.06823280616719933
0.06823280616719933
0.12108925147969933
0.11199501319844933
0.05065468116719933
0.10637977882344933
0.07110145851094933
0.09154823585469933
0.06548622413594933
0.09441688819844933
0.04503944679219933
0.08867958351094933
0.07110145851094933
0.06823280616719933
0.08867958351094933
0.06249550147969933
0.11199501319844933
0.06823280616719933
0.08593300147969933
0.20586708351094934
0.15575722022969934
0.10912636085469933
0.11809852882344933
0.08593300147969933
0.04503944679219933
0.11486366554219933
0.07110145851094933
0.09154823585469933
0.04503944679219933
0.09154823585469933
0.06249550147969933
0.06823280616719933
0.09441688819844933
0.09514931007344933
0.08593300147969933
0.08294227882344933
0.07110145851094933
0.07110145851094933
0.06548622413594933
0.15624550147969934
0.22106483741719934
0.10912636085469933
0.08294227882344933
0.09441688819844933
0.04503944679219933
0.15899208351094934
0.08593300147969933
0.06823280616719933
0.24999550147969934
0.06823280616719933
0.05065468116719933
0.16772011085469934
0.13531044288594934
0.07110145851094933
0.05065468116719933
0.07110145851094933
0.11199501319844933
0.08593300147969933
0.07110145851094933
0.05065468116719933
0.05974891944844933
0.08593300147969933
0.06823280616719933
0.05974891944844933
0.06548622413594933
0.06823280616719933
0.06823280616719933
0.07397011085469933
0.04503944679219933
0.04778602882344933
0.06823280616719933
0.06823280616719933
0.02740028663594933
0.07110145851094933
0.07110145851094933
0.04503944679219933
0.08593300147969933
0.17693641944844934
0.10912636085469933
0.06823280616719933
0.11773231788594933
0.06548622413594933
0.08593300147969933
0.05974891944844933
0.04778602882344933
0.05065468116719933
0.08593300147969933
0.10912636085469933
0.04778602882344933
0.06823280616719933
0.05065468116719933
0.06823280616719933
0.11486366554219933
0.11486366554219933
0.16772011085469934
0.08867958351094933
0.08019569679219933
0.06823280616719933
0.05065468116719933
0.06548622413594933
0.08019569679219933
0.08019569679219933
0.05065468116719933
0.05065468116719933
0.06823280616719933
0.07110145851094933
0.04778602882344933
0.07110145851094933
0.08593300147969933
0.07397011085469933
0.06823280616719933
0.07110145851094933
0.07397011085469933
0.09441688819844933
0.12407997413594933
0.06548622413594933
0.09441688819844933
0.12682655616719934
0.10338905616719933
0.06823280616719933
0.06823280616719933
0.07110145851094933
0.09154823585469933
0.06548622413594933
0.07110145851094933
0.06823280616719933
0.06823280616719933
0.06823280616719933
0.08867958351094933
0.06249550147969933
0.06823280616719933
0.06548622413594933
0.02740028663594933
0.12456825538594933
0.09514931007344933
0.08593300147969933
0.04503944679219933
0.14702919288594934
0.09441688819844933
0.08867958351094933
0.18389442726094934
0.08019569679219933
0.06823280616719933
0.12407997413594933
0.07110145851094933
0.04217079444844933
0.08867958351094933
0.07110145851094933
0.08593300147969933
0.06548622413594933
0.08593300147969933
0.07110145851094933
0.04778602882344933
0.09154823585469933
0.06823280616719933
0.04778602882344933
0.09154823585469933
0.15624550147969934
0.08867958351094933
0.04778602882344933
0.12682655616719934
0.08867958351094933
0.09441688819844933
0.06823280616719933
0.11199501319844933
0.11809852882344933
0.04778602882344933
0.09154823585469933
0.05065468116719933
0.13006141944844934
0.10912636085469933
0.04503944679219933
0.06823280616719933
0.09441688819844933
0.09154823585469933
0.09441688819844933
0.08593300147969933
0.06823280616719933
0.06249550147969933
0.08019569679219933
0.09154823585469933
0.06823280616719933
0.06249550147969933
0.10711220069844933
0.04778602882344933
0.06823280616719933
0.06823280616719933
0.09154823585469933
0.06823280616719933
0.06249550147969933
0.05974891944844933
0.16173866554219934
0.13817909522969934
0.19091347022969934
0.08867958351094933
0.07110145851094933
0.03930214210469933
0.12053993507344933
0.08593300147969933
0.07397011085469933
0.04503944679219933
0.04778602882344933
0.09789589210469933
0.11486366554219933
0.04778602882344933
0.09716347022969933
0.06823280616719933
0.04503944679219933
0.06823280616719933
0.07110145851094933
0.04503944679219933
0.07397011085469933
0.09154823585469933
0.12407997413594933
0.09154823585469933
0.09441688819844933
0.04503944679219933
0.17370155616719934
0.09154823585469933
0.09154823585469933
0.06249550147969933
0.11199501319844933
0.11199501319844933
0.06249550147969933
0.07110145851094933
0.11809852882344933
0.09154823585469933
0.06823280616719933
0.07110145851094933
0.09441688819844933
0.11199501319844933
0.10637977882344933
0.08867958351094933
0.06823280616719933
0.07397011085469933
0.06249550147969933
0.07110145851094933
0.08593300147969933
0.09154823585469933
0.04778602882344933
0.05065468116719933
0.11199501319844933
0.09154823585469933
0.11809852882344933
0.07110145851094933
0.06823280616719933
0.06823280616719933
0.14428261085469934
0.01885536476094933
0.08867958351094933
0.09154823585469933
0.09154823585469933
0.09154823585469933
0.09154823585469933
0.06249550147969933
0.06548622413594933
0.01885536476094933
0.09154823585469933
0.09154823585469933
0.08593300147969933
0.15624550147969934
0.10338905616719933
0.08867958351094933
0.10912636085469933
0.11199501319844933
0.08593300147969933
0.06548622413594933
0.06548622413594933
0.15899208351094934
0.11486366554219933
0.09154823585469933
0.09154823585469933
0.09441688819844933
0.07110145851094933
0.09154823585469933
0.10912636085469933
0.06823280616719933
0.08867958351094933
0.07110145851094933
0.09441688819844933
0.07110145851094933
0.08867958351094933
0.15624550147969934
0.07397011085469933
0.07110145851094933
0.11199501319844933
0.10338905616719933
0.08867958351094933
0.07110145851094933
0.07397011085469933
0.07110145851094933
0.08867958351094933
0.08867958351094933
0.06823280616719933
0.13878944679219934
0.07397011085469933
0.09441688819844933
0.09441688819844933
0.06823280616719933
0.08867958351094933
0.06823280616719933
0.04778602882344933
0.09716347022969933
0.04778602882344933
0.06823280616719933
0.06823280616719933
0.06823280616719933
0.08294227882344933
0.19488075538594934
0.08593300147969933
0.14202431007344934
0.08294227882344933
0.07110145851094933
0.04503944679219933
0.09154823585469933
0.06823280616719933
0.10338905616719933
0.21782997413594934
0.04778602882344933
0.13256386085469934
0.07110145851094933
0.11535194679219933
0.06249550147969933
0.08867958351094933
0.08867958351094933
0.06823280616719933
0.10637977882344933
0.06548622413594933
0.09154823585469933
0.07445839210469933
0.06823280616719933
0.09154823585469933
0.06249550147969933
0.04778602882344933
0.09154823585469933
0.09789589210469933
0.06548622413594933
0.06823280616719933
0.06548622413594933
0.11486366554219933
0.14702919288594934
0.08867958351094933
0.06823280616719933
0.08593300147969933
0.06548622413594933
0.06823280616719933
0.09154823585469933
0.09441688819844933
0.08294227882344933
0.04503944679219933
0.09154823585469933
0.06823280616719933
0.06823280616719933
0.06823280616719933
0.08294227882344933
0.04778602882344933
0.07110145851094933
0.06823280616719933
0.15850380226094934
0.06548622413594933
0.07110145851094933
0.06823280616719933
0.11486366554219933
0.10637977882344933
0.19390419288594934
0.11486366554219933
0.11486366554219933
0.11486366554219933
0.25597694679219934
0.10912636085469933
0.12731483741719934
0.08867958351094933
0.09716347022969933
0.04778602882344933
0.10064247413594933
0.04503944679219933
0.05065468116719933
0.07110145851094933
0.06823280616719933
0.06823280616719933
0.13531044288594934
0.12407997413594933
0.08867958351094933
0.07110145851094933
0.04503944679219933
0.09441688819844933
0.09154823585469933
0.06823280616719933
0.06249550147969933
0.07110145851094933
0.04778602882344933
0.04778602882344933
0.04503944679219933
0.04503944679219933
0.04503944679219933
0.09154823585469933
0.05065468116719933
0.07397011085469933
0.19939735694844934
0.02740028663594933
0.11773231788594933
0.09716347022969933
0.09154823585469933
0.08593300147969933
0.06823280616719933
0.26098182960469934
0.11199501319844933
0.04503944679219933
0.09441688819844933
0.07110145851094933
0.06548622413594933
0.27892616554219934
0.11486366554219933
0.21709755226094934
0.15349891944844934
0.13817909522969934
0.07110145851094933
0.08294227882344933
0.10338905616719933
0.08593300147969933
0.11199501319844933
0.18615272804219934
0.04778602882344933
0.10637977882344933
0.07110145851094933
0.18242958351094934
0.12407997413594933
0.09441688819844933
0.02740028663594933
0.06548622413594933
0.06548622413594933
0.04503944679219933
0.07397011085469933
0.04778602882344933
0.09154823585469933
0.06823280616719933
0.11199501319844933
0.06823280616719933
0.07110145851094933
0.10338905616719933
0.06823280616719933
0.10637977882344933
0.07110145851094933
0.04503944679219933
0.05065468116719933
0.08867958351094933
0.09716347022969933
0.06823280616719933
0.09514931007344933
0.10436561866719933
0.06823280616719933
0.06249550147969933
0.07720497413594933
0.04503944679219933
0.10338905616719933
0.06249550147969933
0.06548622413594933
0.08019569679219933
0.11486366554219933
0.06823280616719933
0.10338905616719933
0.14104774757344934
0.07110145851094933
0.18517616554219934
0.04778602882344933
0.08019569679219933
0.06823280616719933
0.10338905616719933
0.06823280616719933
0.07110145851094933
0.12682655616719934
0.07110145851094933
0.09716347022969933
0.07397011085469933
0.07397011085469933
0.06823280616719933
0.10637977882344933
0.06548622413594933
0.05065468116719933
0.07110145851094933
0.06548622413594933
0.07397011085469933
0.10338905616719933
0.13878944679219934
0.10064247413594933
0.06548622413594933
0.07110145851094933
0.05065468116719933
0.02740028663594933
0.09716347022969933
0.10912636085469933
0.07397011085469933
0.13878944679219934
0.06249550147969933
0.04217079444844933
0.11486366554219933
0.27941444679219934
0.13555458351094934
0.06823280616719933
0.10912636085469933
0.06249550147969933
0.08019569679219933
0.04778602882344933
0.06896522804219933
0.03930214210469933
0.09441688819844933
0.06548622413594933
0.08294227882344933
0.09514931007344933
0.06548622413594933
0.06548622413594933
0.12407997413594933
0.08294227882344933
0.07397011085469933
0.09441688819844933
0.11199501319844933
0.11773231788594933
0.16772011085469934
0.11486366554219933
0.07110145851094933
0.05065468116719933
0.09154823585469933
0.10064247413594933
0.05352333351094933
0.09716347022969933
0.07110145851094933
0.06548622413594933
0.13256386085469934
0.09716347022969933
0.08294227882344933
0.04778602882344933
0.07110145851094933
0.08593300147969933
0.07110145851094933
0.07110145851094933
0.08019569679219933
0.06823280616719933
0.06823280616719933
0.04778602882344933
0.07110145851094933
0.07110145851094933
0.06548622413594933
0.12407997413594933
0.08294227882344933
0.08867958351094933
0.11199501319844933
0.05065468116719933
0.09716347022969933
0.06548622413594933
0.07110145851094933
0.09154823585469933
0.09154823585469933
0.06548622413594933
0.04503944679219933
0.09789589210469933
0.10912636085469933
0.06249550147969933
0.13878944679219934
0.10637977882344933
0.06548622413594933
0.04217079444844933
0.04778602882344933
0.18242958351094934
0.11199501319844933
0.07110145851094933
0.11199501319844933
0.06548622413594933
0.09441688819844933
0.12407997413594933
0.06823280616719933
0.06548622413594933
0.08294227882344933
0.09154823585469933
0.12108925147969933
0.13006141944844934
0.08867958351094933
0.10064247413594933
0.04503944679219933
0.06249550147969933
0.11486366554219933
0.06548622413594933
0.07110145851094933
0.11486366554219933
0.10637977882344933
0.07110145851094933
0.07110145851094933
0.10912636085469933
0.05065468116719933
0.07397011085469933
0.07110145851094933
0.07110145851094933
0.04778602882344933
0.04503944679219933
0.07110145851094933
0.07110145851094933
0.07110145851094933
0.04503944679219933
0.05065468116719933
0.07397011085469933
0.07397011085469933
0.07720497413594933
0.04503944679219933
0.10985878272969933
0.06823280616719933
0.13256386085469934
0.07110145851094933
0.04503944679219933
0.22332313819844934
0.16772011085469934
0.09154823585469933
0.11199501319844933
0.06823280616719933
0.11809852882344933
0.09514931007344933
0.06823280616719933
0.06823280616719933
0.06249550147969933
0.09191444679219933
0.06548622413594933
0.06249550147969933
0.08593300147969933
0.09154823585469933
0.08867958351094933
0.08593300147969933
0.06823280616719933
0.08294227882344933
0.08867958351094933
0.07110145851094933
0.09441688819844933
0.14751747413594934
0.11486366554219933
0.06249550147969933
0.06823280616719933
0.08294227882344933
0.06249550147969933
0.10637977882344933
0.08593300147969933
0.21508339210469934
0.08593300147969933
0.09154823585469933
0.07110145851094933
0.10637977882344933
0.08593300147969933
0.11486366554219933
0.09441688819844933
0.07110145851094933
0.06823280616719933
0.08294227882344933
0.06823280616719933
0.06548622413594933
0.06548622413594933
0.10637977882344933
0.09789589210469933
0.05065468116719933
0.06548622413594933
0.16497352882344934
0.13531044288594934
0.19091347022969934
0.09154823585469933
0.13531044288594934
0.07397011085469933
0.19091347022969934
0.09154823585469933
0.08867958351094933
0.08593300147969933
0.08593300147969933
0.13555458351094934
0.08593300147969933
0.06548622413594933
0.06823280616719933
0.08593300147969933
0.09441688819844933
0.12682655616719934
0.06823280616719933
0.08593300147969933
0.07397011085469933
0.06823280616719933
0.08867958351094933
0.08593300147969933
0.13006141944844934
0.07110145851094933
0.06823280616719933
0.09441688819844933
0.04503944679219933
0.12957313819844934
0.03655556007344933
0.13531044288594934
0.11199501319844933
0.06823280616719933
0.09441688819844933
0.04778602882344933
0.07110145851094933
0.07110145851094933
0.09441688819844933
0.22332313819844934
0.10912636085469933
0.10637977882344933
0.13555458351094934
0.14428261085469934
0.11486366554219933
0.06548622413594933
0.07110145851094933
0.04503944679219933
0.05065468116719933
0.04778602882344933
0.07110145851094933
0.08294227882344933
0.08867958351094933
0.04778602882344933
0.11773231788594933
0.13817909522969934
0.24950722022969934
0.14702919288594934
0.17370155616719934
0.06823280616719933
0.11486366554219933
0.06823280616719933
0.12682655616719934
0.08294227882344933
0.11486366554219933
0.06823280616719933
0.05065468116719933
0.05974891944844933
0.06548622413594933
0.06823280616719933
0.11584022804219933
0.04503944679219933
0.08294227882344933
0.11773231788594933
0.04503944679219933
0.09514931007344933
0.08593300147969933
0.06548622413594933
0.07110145851094933
0.08867958351094933
0.07110145851094933
0.10338905616719933
0.08867958351094933
0.07110145851094933
0.06823280616719933
0.06548622413594933
0.12108925147969933
0.19713905616719934
0.06823280616719933
0.11199501319844933
0.04778602882344933
0.06548622413594933
0.06249550147969933
0.04503944679219933
0.05065468116719933
0.07397011085469933
0.07397011085469933
0.17791298194844934
0.10637977882344933
0.13280800147969934
0.07110145851094933
0.06249550147969933
0.14428261085469934
0.15349891944844934
0.11199501319844933
0.10912636085469933
0.04503944679219933
0.14702919288594934
0.07397011085469933
0.07397011085469933
0.06548622413594933
0.08867958351094933
0.10912636085469933
0.07397011085469933
0.09154823585469933
0.04778602882344933
0.04778602882344933
0.04503944679219933
0.11486366554219933
0.07110145851094933
0.05065468116719933
0.09716347022969933
0.06823280616719933
0.10338905616719933
0.09154823585469933
0.04778602882344933
0.09154823585469933
0.07110145851094933
0.10912636085469933
0.04778602882344933
0.07110145851094933
0.11199501319844933
0.05352333351094933
0.09154823585469933
